74,1
74,3
74,6
74,7
73,8
73,9
73,10
73,11
73,12
117,13
73,14
73,15
73,16
35,17
73,18
7,19
74,20
8,21
7,22
73,23
117,24
73,25
73,26
73,27
73,28
73,29
73,30
74,31
74,32
73,33
117,34
73,35
73,36
73,37
73,38
73,39
73,40
73,41
73,42
74,43
73,44
73,45
73,46
73,47
73,48
73,49
73,50
73,51
73,52
73,53
73,54
73,55
73,56
73,57
73,58
73,59
73,60
73,61
53,62
53,63
73,64
73,65
73,66
73,67
73,68
73,69
73,70
73,71
73,72
73,73
73,74
73,75
73,76
73,77
73,78
73,79
73,80
73,81
73,82
73,83
75,84
2,85
75,87
75,88
2,90
75,91
22,93
2,94
2,95
119,96
119,97
74,100
74,101
74,102
74,103
74,109
51,112
70,113
70,114
105,116
74,117
105,125
74,127
80,128
72,129
53,130
35,131
53,132
119,134
119,136
119,137
119,138
53,139
35,140
119,144
57,145
57,146
74,147
74,148
74,149
74,156
74,157
74,158
72,159
2,160
119,161
74,165
72,169
119,171
74,172
3,173
3,174
74,176
74,177
117,178
74,179
3,181
119,182
74,183
72,185
117,186
117,187
117,188
117,189
117,190
117,191
117,192
56,193
57,194
74,195
74,196
74,197
56,198
117,199
74,200
90,201
74,202
74,203
74,205
74,209
117,210
53,212
74,213
119,216
119,217
119,219
105,220
119,222
74,223
74,224
74,225
74,226
53,227
53,228
117,229
117,230
74,231
22,233
35,234
22,235
119,236
119,237
119,238
53,239
74,240
74,242
74,244
7,245
72,246
72,247
99,249
117,250
2,252
74,254
3,255
74,256
117,257
2,267
33,268
74,269
74,270
33,271
72,272
74,273
74,274
35,276
73,284
73,286
2,289
2,290
2,291
2,294
117,295
74,297
57,300
57,301
74,302
74,305
72,306
74,307
33,308
33,309
33,310
74,311
117,313
16,314
119,315
35,316
119,317
74,318
74,319
74,320
74,321
74,323
74,328
74,330
74,331
74,332
74,333
119,334
117,335
3,337
3,338
74,341
3,342
74,343
119,345
3,346
3,348
3,349
3,350
3,351
3,352
74,353
74,354
74,355
74,356
74,357
75,358
74,359
74,360
74,361
74,362
74,363
74,364
74,365
74,366
74,367
74,368
2,369
119,370
74,371
2,372
2,373
74,374
2,375
2,376
2,377
74,378
74,379
22,380
105,381
117,387
22,388
22,389
74,390
74,391
74,392
74,393
75,394
75,395
75,396
75,397
75,398
75,399
75,400
75,401
75,402
75,403
75,404
75,405
75,406
75,407
53,412
53,413
53,414
53,415
53,416
53,417
53,418
2,419
74,426
74,429
117,431
2,432
74,433
74,434
2,435
2,436
2,437
2,439
74,440
74,441
74,442
74,443
2,444
2,447
2,449
74,450
2,453
3,456
3,457
3,458
3,459
74,469
2,471
75,472
2,473
2,474
2,475
74,476
74,477
2,478
74,479
74,480
2,482
2,483
2,484
74,485
74,486
74,487
74,488
74,489
117,491
117,492
2,493
117,494
35,497
35,498
35,499
117,501
117,502
35,505
2,507
117,508
117,509
2,510
117,511
117,512
74,513
74,514
74,515
74,516
74,517
74,518
74,519
74,520
74,521
117,522
74,523
2,524
74,525
74,526
74,527
72,528
74,529
74,537
35,538
53,539
59,547
117,548
74,549
117,550
117,551
80,552
74,553
74,554
74,555
72,558
72,560
2,561
57,562
3,563
74,564
74,565
2,569
80,570
113,571
33,572
53,573
2,575
74,580
53,581
35,582
33,584
72,585
117,586
53,588
74,591
35,592
119,594
119,595
53,596
119,597
117,599
74,600
74,601
2,607
72,608
72,610
72,612
7,616
74,618
74,620
7,621
7,623
75,624
117,626
74,628
74,630
74,631
74,632
74,633
74,634
74,635
74,636
74,637
74,638
74,639
74,640
74,641
74,642
74,643
74,644
74,645
74,646
74,647
74,648
74,649
74,650
74,651
74,652
74,653
74,654
74,655
74,656
74,657
74,658
74,659
74,660
2,662
72,668
74,669
72,670
74,671
57,672
57,673
58,707
119,708
2,709
35,713
74,722
35,723
2,724
74,725
57,726
74,728
35,729
53,730
74,735
72,736
53,738
73,739
119,740
3,741
53,742
117,743
53,744
53,745
2,748
2,749
74,752
74,753
2,754
53,755
74,757
2,758
117,759
74,762
2,763
74,764
74,766
119,767
117,768
117,769
74,772
88,778
2,780
2,790
2,793
2,795
2,796
2,797
2,798
2,799
2,800
2,801
74,805
74,806
74,807
74,808
72,810
74,811
74,813
117,814
74,815
53,816
119,817
74,818
53,819
22,820
35,821
119,822
72,825
125,826
2,828
74,829
74,830
119,832
72,833
2,834
2,835
2,836
119,837
73,838
2,839
2,840
2,841
2,842
2,843
2,845
2,846
119,847
119,848
2,852
74,853
74,855
57,856
117,857
74,858
119,859
72,860
119,861
74,864
74,865
39,866
119,868
119,869
119,870
119,871
74,872
53,873
2,875
22,876
74,878
119,879
2,880
119,881
74,882
2,883
80,884
80,886
73,893
80,894
73,895
73,896
73,897
73,898
73,899
73,900
73,901
73,902
73,904
73,905
72,907
2,908
74,909
74,911
35,912
119,915
2,916
74,918
119,919
35,920
35,921
2,922
2,923
2,924
7,927
74,928
35,932
74,933
53,936
36,937
53,938
53,939
74,941
74,943
74,944
117,945
72,946
74,947
2,948
74,950
74,952
2,955
2,956
74,957
74,958
117,963
74,965
74,966
53,968
74,970
35,971
2,972
117,973
74,974
74,975
117,976
119,977
62,978
74,982
80,983
80,987
80,988
80,989
80,990
2,993
2,994
2,995
35,996
2,997
2,999
2,1000
117,1002
117,1003
2,1005
117,1006
119,1007
74,1008
74,1009
2,1012
74,1013
2,1014
35,1015
2,1016
85,1017
2,1018
35,1019
2,1020
3,1021
117,1022
7,1023
2,1024
2,1025
117,1026
73,1027
2,1028
2,1030
74,1031
74,1032
3,1034
80,1039
7,1040
53,1044
53,1045
74,1046
53,1047
117,1048
74,1050
117,1051
72,1052
119,1053
117,1054
119,1056
101,1057
73,1058
35,1059
73,1062
74,1063
35,1064
117,1065
74,1066
72,1067
53,1068
117,1069
35,1070
2,1071
35,1072
35,1073
53,1074
119,1075
117,1076
117,1077
117,1078
7,1079
105,1081
73,1082
3,1083
3,1084
70,1085
74,1086
105,1087
74,1088
74,1091
22,1092
119,1093
73,1094
73,1096
73,1097
74,1098
53,1099
74,1100
73,1101
80,1109
74,1110
74,1111
117,1112
74,1113
74,1114
2,1115
2,1116
2,1117
2,1120
2,1122
2,1123
7,1126
73,1127
53,1128
2,1129
74,1130
74,1131
117,1134
117,1135
74,1136
74,1137
74,1138
2,1143
74,1146
74,1147
73,1149
2,1150
117,1158
74,1160
2,1164
125,1165
2,1168
109,1171
35,1172
74,1173
53,1178
2,1179
2,1180
2,1183
80,1184
80,1187
117,1188
74,1190
74,1191
74,1192
117,1193
117,1194
74,1195
117,1197
117,1198
2,1200
117,1201
117,1202
72,1203
2,1204
117,1205
72,1206
2,1207
117,1209
74,1210
74,1211
74,1212
2,1213
74,1216
80,1217
74,1218
74,1219
74,1223
35,1224
35,1225
74,1226
2,1227
117,1228
117,1229
74,1230
117,1232
117,1233
117,1234
117,1235
74,1236
74,1237
74,1238
74,1239
74,1240
74,1242
74,1244
2,1248
117,1251
74,1253
2,1254
117,1257
72,1259
72,1260
72,1261
117,1264
35,1265
74,1266
73,1269
74,1270
74,1271
2,1272
2,1273
2,1274
2,1275
2,1276
2,1277
119,1278
2,1279
2,1280
2,1281
73,1282
2,1283
74,1290
75,1291
75,1292
75,1293
75,1294
74,1295
74,1297
117,1298
2,1299
2,1300
2,1301
74,1302
74,1303
74,1305
2,1306
74,1307
53,1308
2,1309
74,1310
73,1311
72,1314
128,1316
74,1317
74,1318
74,1319
53,1321
53,1323
53,1324
74,1325
2,1326
72,1327
53,1328
22,1329
105,1330
74,1331
105,1332
74,1333
117,1334
74,1335
2,1336
117,1340
2,1342
2,1343
2,1344
2,1346
117,1347
74,1348
74,1349
74,1350
2,1351
35,1352
59,1353
59,1354
59,1355
61,1357
2,1358
7,1359
2,1360
7,1361
7,1362
7,1363
47,1364
73,1365
74,1367
2,1374
2,1375
2,1376
2,1377
2,1378
2,1379
2,1382
74,1383
2,1384
2,1385
74,1388
59,1390
2,1392
80,1395
72,1399
74,1400
74,1401
117,1406
74,1408
119,1409
117,1410
74,1411
74,1412
2,1414
117,1415
117,1416
2,1420
2,1421
2,1422
74,1423
22,1424
53,1428
72,1430
74,1431
74,1435
74,1439
22,1440
74,1441
75,1442
74,1460
74,1461
117,1463
74,1464
2,1475
74,1476
2,1477
2,1478
117,1479
105,1480
73,1481
2,1482
74,1483
74,1484
2,1485
2,1486
2,1487
2,1488
2,1489
2,1490
2,1491
2,1492
2,1493
2,1494
74,1495
2,1496
117,1497
80,1498
80,1499
73,1500
2,1502
74,1505
35,1507
2,1508
35,1509
74,1510
74,1511
74,1512
2,1515
7,1516
7,1517
7,1518
7,1519
2,1520
2,1522
53,1523
74,1524
74,1525
74,1526
22,1527
119,1528
74,1529
74,1530
53,1531
74,1532
74,1533
74,1534
3,1535
74,1536
22,1537
74,1538
2,1540
119,1541
119,1542
74,1543
53,1544
53,1545
80,1547
33,1548
35,1549
74,1550
3,1551
74,1552
74,1553
53,1554
74,1556
74,1557
74,1560
2,1561
74,1564
117,1567
57,1569
74,1570
74,1571
80,1572
74,1573
74,1574
2,1575
74,1576
74,1578
35,1579
117,1580
61,1585
73,1586
74,1588
74,1589
71,1590
74,1592
75,1593
75,1594
75,1595
75,1596
72,1597
75,1598
72,1599
72,1600
72,1601
74,1603
74,1604
74,1605
74,1606
74,1607
74,1608
74,1609
74,1610
74,1611
74,1612
74,1613
2,1614
74,1615
2,1616
2,1617
2,1618
2,1619
2,1620
2,1621
2,1622
35,1623
2,1624
22,1625
2,1627
35,1628
2,1632
2,1633
2,1635
2,1639
2,1640
2,1641
2,1642
2,1643
2,1644
2,1645
2,1646
2,1647
2,1648
2,1649
2,1650
2,1651
2,1652
2,1653
2,1654
2,1655
2,1656
2,1657
74,1658
74,1659
2,1661
74,1662
22,1665
74,1666
74,1667
117,1670
74,1672
74,1673
74,1674
35,1675
74,1677
74,1678
2,1679
74,1680
74,1681
74,1682
74,1683
117,1684
99,1685
2,1686
74,1687
2,1689
7,1692
33,1693
2,1694
7,1695
53,1696
53,1697
119,1698
119,1699
117,1701
117,1702
72,1704
74,1705
35,1706
35,1708
35,1709
2,1711
117,1712
2,1713
74,1715
74,1716
53,1717
35,1720
74,1722
74,1723
74,1724
74,1725
74,1726
74,1727
74,1729
73,1730
33,1731
74,1732
2,1733
74,1736
74,1737
117,1739
74,1741
74,1743
72,1744
35,1746
74,1748
3,1752
73,1760
74,1764
74,1766
74,1767
74,1768
74,1769
117,1770
119,1772
74,1774
75,1775
75,1776
74,1777
74,1778
33,1779
74,1780
117,1781
74,1782
119,1785
74,1787
2,1789
35,1790
73,1791
74,1797
80,1799
74,1800
74,1810
35,1811
74,1812
74,1814
53,1815
74,1816
35,1818
105,1820
53,1821
7,1825
22,1831
45,1832
45,1833
53,1835
53,1837
53,1838
53,1840
2,1841
2,1842
99,1844
62,1845
2,1846
74,1847
74,1848
2,1849
117,1850
88,1851
117,1852
7,1856
105,1857
74,1858
2,1859
2,1860
70,1861
74,1863
117,1864
33,1865
74,1866
22,1867
53,1868
22,1869
74,1870
74,1871
2,1872
2,1874
53,1875
2,1876
2,1877
2,1878
73,1879
35,1880
3,1881
2,1882
2,1885
3,1886
119,1887
53,1888
119,1891
119,1892
74,1894
35,1896
35,1897
35,1902
74,1903
73,1905
22,1907
119,1908
74,1909
72,1910
74,1911
117,1914
72,1915
99,1916
35,1917
2,1918
35,1919
74,1922
35,1923
2,1924
2,1925
7,1926
53,1928
36,1929
73,1930
72,1931
74,1932
80,1933
53,1935
119,1937
73,1939
74,1940
74,1946
117,1947
117,1948
117,1949
117,1952
73,1953
73,1954
117,1955
105,1956
62,1957
73,1958
53,1961
72,1962
80,1963
74,1966
117,1968
74,1969
117,1970
22,1971
73,1972
85,1973
74,1975
74,1977
72,1978
35,1979
35,1980
74,1983
105,1984
53,1985
53,1986
70,1987
53,1988
70,1991
2,1992
2,1993
2,1995
35,1997
70,1998
117,2000
117,2001
35,2002
35,2003
2,2004
35,2008
2,2009
35,2011
35,2012
35,2013
35,2014
35,2015
35,2016
2,2019
74,2020
117,2022
74,2023
117,2025
75,2029
74,2030
53,2031
53,2032
74,2036
2,2037
2,2038
117,2039
35,2040
35,2041
35,2042
73,2043
2,2045
74,2046
117,2047
74,2049
2,2050
74,2051
7,2053
7,2056
53,2057
7,2058
53,2059
74,2060
74,2061
74,2062
22,2065
119,2066
7,2068
74,2071
74,2072
35,2073
33,2075
2,2076
74,2077
74,2079
74,2082
35,2084
74,2086
74,2087
53,2088
117,2091
74,2092
74,2094
75,2096
117,2097
74,2098
3,2102
72,2103
35,2104
117,2105
103,2106
53,2108
35,2109
74,2110
74,2114
74,2115
53,2121
73,2122
73,2123
73,2124
73,2125
73,2126
35,2127
74,2128
2,2129
35,2130
63,2131
74,2134
74,2135
119,2136
72,2137
74,2138
117,2139
117,2140
117,2141
117,2142
2,2143
53,2145
74,2147
35,2149
2,2150
35,2151
74,2152
35,2154
35,2155
74,2156
35,2157
74,2158
35,2160
35,2161
2,2162
2,2163
72,2168
2,2169
74,2172
75,2179
117,2181
117,2182
105,2183
117,2188
35,2189
35,2191
2,2194
35,2197
35,2198
2,2199
35,2200
2,2201
74,2203
74,2204
74,2205
2,2206
74,2207
74,2208
74,2209
74,2212
74,2213
74,2219
2,2224
2,2232
73,2234
2,2235
74,2236
53,2237
2,2238
80,2240
74,2241
73,2242
7,2244
7,2247
7,2248
7,2249
7,2251
53,2253
2,2254
20,2255
102,2256
74,2257
74,2259
74,2261
74,2262
74,2263
105,2265
117,2266
74,2268
74,2269
74,2270
2,2271
2,2272
2,2277
2,2278
2,2280
53,2284
117,2289
70,2290
53,2300
53,2301
35,2302
35,2303
2,2304
74,2305
35,2306
2,2307
2,2308
74,2309
74,2310
35,2311
72,2312
75,2316
117,2317
35,2318
117,2320
2,2321
2,2323
2,2324
35,2326
35,2327
53,2332
2,2333
53,2334
53,2335
119,2337
74,2340
2,2341
2,2342
35,2343
72,2346
72,2347
74,2349
105,2350
105,2351
35,2352
53,2353
74,2354
35,2355
74,2356
67,2357
2,2358
2,2361
2,2362
117,2363
117,2364
2,2365
2,2366
35,2367
105,2368
2,2370
73,2371
35,2372
53,2373
2,2375
2,2377
74,2379
105,2380
105,2381
105,2382
105,2383
56,2384
74,2385
3,2386
3,2387
22,2388
74,2391
74,2393
72,2394
74,2395
74,2396
53,2398
35,2401
35,2403
74,2404
74,2405
119,2407
74,2408
74,2409
74,2410
74,2411
74,2412
74,2413
2,2414
74,2415
117,2416
117,2417
105,2419
117,2420
73,2421
74,2424
74,2427
74,2428
74,2429
74,2430
74,2431
73,2432
74,2433
2,2434
35,2437
74,2438
73,2439
35,2444
2,2445
2,2446
74,2448
2,2449
117,2450
35,2452
117,2453
92,2454
35,2455
35,2456
72,2466
72,2467
72,2468
73,2479
53,2481
80,2484
74,2488
74,2489
35,2490
2,2492
73,2493
2,2494
74,2496
2,2497
53,2498
35,2500
35,2502
35,2503
35,2504
35,2505
35,2508
2,2510
2,2511
72,2512
61,2514
73,2515
74,2516
74,2517
80,2519
35,2520
117,2522
5,2523
35,2527
117,2530
35,2532
35,2533
75,2534
80,2536
103,2537
125,2538
73,2539
7,2540
73,2541
74,2543
22,2545
117,2548
35,2549
2,2550
117,2551
74,2553
75,2554
35,2555
53,2557
53,2558
53,2559
80,2560
74,2561
35,2562
35,2563
35,2564
35,2565
35,2566
35,2567
74,2568
117,2570
7,2576
2,2578
74,2579
74,2582
74,2583
74,2584
2,2585
2,2586
74,2588
2,2589
74,2590
117,2592
74,2594
74,2596
74,2597
2,2598
74,2601
2,2605
74,2606
117,2608
117,2611
35,2614
74,2615
35,2616
72,2619
110,2620
117,2622
35,2623
105,2627
74,2629
2,2630
2,2631
53,2632
119,2633
7,2636
7,2637
7,2638
99,2639
35,2640
117,2641
75,2642
74,2643
73,2648
80,2649
74,2650
73,2651
68,2652
73,2653
73,2654
73,2655
73,2656
73,2657
73,2658
73,2659
73,2660
73,2661
73,2662
73,2663
73,2664
73,2665
73,2666
22,2667
59,2668
105,2669
74,2670
74,2671
74,2672
2,2673
2,2674
2,2675
2,2676
2,2677
2,2678
105,2680
72,2681
74,2682
117,2683
80,2685
80,2686
70,2687
80,2688
35,2690
35,2694
75,2695
75,2696
75,2697
75,2698
74,2699
74,2700
117,2701
117,2702
2,2703
86,2704
74,2705
75,2706
75,2707
117,2708
74,2710
74,2714
74,2715
125,2716
74,2717
117,2719
74,2720
74,2721
117,2722
35,2724
35,2725
35,2726
74,2727
35,2728
35,2729
35,2732
80,2733
74,2735
74,2736
119,2737
53,2738
119,2739
22,2740
22,2741
53,2742
53,2743
70,2744
22,2745
74,2746
74,2747
74,2748
35,2751
80,2753
53,2754
74,2761
80,2762
74,2767
74,2768
74,2769
73,2775
70,2776
73,2779
73,2780
73,2781
73,2782
73,2783
73,2784
73,2785
73,2786
73,2787
73,2788
2,2789
74,2791
41,2792
74,2793
33,2795
105,2796
74,2797
7,2799
7,2800
72,2802
74,2803
2,2807
2,2810
2,2811
105,2812
2,2813
2,2814
2,2816
35,2817
99,2818
2,2819
2,2820
2,2821
74,2822
74,2823
117,2825
74,2826
80,2827
73,2829
74,2831
73,2832
70,2833
74,2834
74,2836
74,2837
117,2841
2,2842
74,2843
74,2844
73,2848
74,2849
72,2851
74,2852
74,2853
117,2858
2,2860
75,2863
74,2864
80,2865
74,2866
80,2867
2,2868
2,2869
2,2870
2,2876
2,2877
33,2880
35,2883
74,2889
35,2891
2,2892
73,2893
2,2894
2,2895
7,2898
35,2899
7,2900
120,2901
105,2902
53,2903
2,2904
2,2905
35,2906
119,2907
7,2908
2,2909
57,2912
74,2914
27,2915
53,2917
53,2921
7,2931
7,2932
7,2933
7,2934
73,2936
35,2937
99,2939
2,2942
53,2943
53,2944
53,2945
74,2946
7,2947
73,2948
74,2949
119,2950
117,2951
74,2952
53,2953
105,2954
117,2955
119,2956
72,2957
21,2958
74,2960
74,2961
73,2962
72,2963
53,2965
72,2966
61,2967
105,2968
53,2969
22,2970
119,2971
74,2972
53,2973
119,2974
119,2975
73,2976
3,2977
53,2980
117,2982
117,2983
117,2984
75,2985
73,2986
80,2988
80,2989
22,2990
80,2991
22,2992
53,2993
53,2994
53,2995
53,2996
53,2997
74,2998
74,2999
119,3000
80,3001
74,3002
75,3003
74,3005
74,3006
74,3007
74,3008
87,3009
7,3010
57,3011
74,3013
74,3014
74,3015
117,3016
73,3017
125,3018
74,3019
53,3021
35,3022
74,3023
93,3024
74,3026
57,3027
74,3028
74,3032
74,3033
73,3034
117,3036
74,3037
117,3038
2,3039
117,3040
35,3042
35,3043
35,3044
2,3048
72,3049
53,3051
74,3052
74,3053
74,3054
73,3056
73,3057
73,3058
73,3059
73,3060
73,3061
74,3062
105,3063
105,3064
73,3065
2,3066
2,3067
53,3068
105,3069
105,3071
2,3072
105,3073
105,3074
70,3075
105,3076
105,3077
117,3078
35,3079
35,3080
2,3086
2,3087
117,3088
2,3091
80,3093
2,3097
2,3098
74,3108
35,3109
35,3110
117,3111
74,3114
63,3115
117,3116
2,3117
74,3118
74,3119
53,3123
53,3124
37,3125
74,3126
74,3127
74,3128
117,3129
74,3130
74,3131
74,3132
74,3133
74,3134
74,3135
2,3136
117,3137
117,3138
72,3139
117,3140
74,3141
2,3142
2,3143
2,3144
2,3145
2,3146
73,3147
74,3148
2,3149
74,3151
117,3152
73,3153
117,3154
74,3155
2,3158
74,3159
22,3163
75,3164
73,3166
119,3167
119,3172
119,3173
119,3174
119,3175
119,3176
119,3177
119,3179
119,3180
119,3181
7,3182
7,3183
7,3184
7,3185
7,3186
7,3187
7,3188
7,3189
7,3190
7,3191
80,3193
2,3194
2,3195
2,3196
2,3197
2,3198
2,3199
2,3200
2,3201
2,3202
2,3203
2,3204
2,3205
2,3206
2,3207
2,3208
2,3209
2,3210
2,3211
2,3212
2,3213
2,3214
2,3215
2,3216
2,3217
2,3218
2,3219
2,3220
2,3221
2,3222
2,3223
2,3224
2,3225
35,3226
35,3227
2,3229
53,3230
117,3231
74,3234
117,3235
74,3237
119,3238
3,3239
75,3240
3,3241
74,3242
2,3243
53,3244
2,3250
3,3251
117,3256
35,3258
88,3259
35,3260
117,3261
74,3265
117,3267
74,3271
75,3273
2,3274
72,3275
53,3276
2,3284
80,3287
74,3288
2,3289
2,3290
80,3291
73,3292
53,3295
53,3296
53,3297
53,3299
53,3300
53,3301
53,3302
74,3303
2,3304
73,3308
117,3309
53,3311
75,3312
74,3313
73,3314
73,3315
65,3317
74,3321
73,3322
73,3328
2,3336
117,3337
74,3340
74,3342
74,3343
53,3344
74,3345
125,3346
80,3347
33,3348
125,3349
125,3352
80,3353
125,3354
35,3356
35,3357
117,3358
117,3359
117,3360
117,3361
117,3362
74,3363
74,3364
2,3365
80,3366
80,3367
74,3368
73,3369
74,3370
74,3371
57,3373
74,3374
74,3376
80,3377
117,3380
35,3382
74,3383
117,3384
2,3387
74,3388
74,3389
74,3390
72,3391
62,3392
74,3394
2,3397
2,3398
74,3400
74,3401
73,3402
74,3404
74,3407
74,3408
72,3412
74,3413
70,3418
80,3421
80,3424
80,3425
73,3426
53,3427
35,3428
35,3429
35,3430
35,3431
35,3432
35,3433
2,3434
74,3436
73,3437
53,3440
53,3441
74,3442
80,3443
125,3444
125,3445
74,3446
125,3447
74,3448
119,3449
53,3450
74,3451
74,3452
74,3453
74,3455
119,3456
74,3457
2,3460
74,3461
117,3462
2,3463
70,3464
75,3466
119,3467
119,3468
119,3469
119,3470
119,3471
53,3472
119,3473
80,3474
119,3475
119,3476
119,3487
119,3489
49,3496
7,3497
7,3498
53,3499
74,3500
74,3501
29,3503
74,3504
74,3505
74,3507
74,3508
117,3509
70,3510
53,3511
2,3512
119,3513
2,3514
2,3515
35,3516
53,3517
119,3518
70,3519
72,3520
74,3521
119,3522
72,3523
119,3524
53,3525
33,3526
22,3527
33,3528
74,3529
22,3530
73,3536
117,3539
117,3540
53,3541
72,3542
2,3543
75,3544
2,3545
2,3547
74,3548
74,3549
117,3550
2,3552
2,3553
117,3555
117,3557
117,3558
26,3561
117,3562
2,3563
35,3564
35,3565
2,3566
2,3567
74,3568
3,3569
72,3570
2,3571
72,3572
35,3573
2,3574
80,3580
80,3581
119,3582
2,3583
119,3584
74,3585
74,3586
74,3588
105,3589
117,3590
74,3591
117,3592
125,3593
120,3595
7,3596
7,3597
7,3598
7,3599
7,3600
7,3601
7,3602
7,3603
7,3604
74,3605
53,3606
53,3607
74,3608
119,3609
7,3610
74,3612
74,3615
120,3621
120,3622
120,3623
120,3624
120,3625
7,3626
120,3629
120,3630
120,3631
120,3632
2,3635
2,3636
2,3637
2,3638
2,3640
2,3641
2,3642
75,3644
53,3645
117,3646
53,3647
117,3648
35,3649
117,3650
2,3651
117,3652
72,3653
2,3666
2,3668
2,3671
74,3672
22,3676
72,3677
22,3678
73,3679
74,3680
74,3681
119,3682
74,3685
74,3686
74,3687
2,3689
105,3690
7,3691
70,3692
74,3694
74,3695
117,3698
33,3704
74,3708
7,3709
105,3710
22,3711
74,3713
117,3715
35,3718
117,3719
35,3721
35,3723
80,3725
73,3727
74,3729
22,3730
22,3732
22,3733
117,3734
102,3735
74,3736
74,3738
2,3742
2,3745
119,3749
119,3750
119,3751
53,3752
53,3753
53,3754
119,3755
119,3756
22,3757
74,3758
33,3759
74,3760
75,3761
74,3764
62,3767
53,3768
74,3770
57,3778
2,3779
70,3780
70,3781
53,3782
2,3786
74,3788
74,3791
80,3793
80,3794
2,3798
2,3801
74,3804
117,3805
117,3806
35,3811
35,3812
2,3813
2,3814
2,3815
2,3816
2,3817
2,3818
2,3819
2,3820
2,3821
2,3822
2,3823
2,3824
117,3830
7,3831
7,3832
53,3833
74,3834
74,3835
35,3836
35,3837
35,3842
2,3843
2,3844
117,3845
2,3846
72,3847
73,3848
74,3849
72,3850
72,3851
117,3852
56,3853
56,3854
72,3858
70,3861
74,3863
2,3865
80,3866
80,3867
73,3868
125,3870
73,3871
80,3872
73,3880
2,3882
73,3884
74,3886
74,3887
2,3888
2,3889
2,3890
35,3891
74,3892
2,3894
2,3895
35,3896
74,3897
74,3898
80,3899
119,3900
80,3901
53,3902
74,3905
80,3906
56,3907
56,3908
56,3909
56,3910
119,3911
2,3913
74,3914
74,3915
35,3918
117,3919
119,3920
74,3921
73,3922
22,3926
73,3927
74,3929
74,3930
117,3931
74,3935
57,3936
80,3937
33,3938
2,3940
117,3941
74,3942
74,3943
75,3944
74,3945
72,3946
74,3947
74,3948
74,3949
73,3950
74,3951
74,3952
117,3955
2,3957
105,3958
2,3959
2,3960
2,3962
2,3963
2,3965
2,3967
2,3968
102,3969
102,3970
102,3971
102,3972
102,3973
102,3974
102,3975
102,3976
102,3978
102,3979
102,3980
102,3981
72,3982
102,3983
117,3984
73,3986
2,3988
2,3990
73,3992
73,3993
73,3994
119,3997
56,4001
75,4003
117,4004
2,4005
74,4006
73,4008
74,4010
2,4011
74,4016
2,4017
74,4018
74,4019
125,4020
80,4022
53,4024
35,4025
35,4027
74,4028
2,4029
73,4030
74,4031
119,4032
72,4033
35,4034
53,4036
35,4037
35,4038
35,4040
35,4042
35,4043
35,4044
74,4046
74,4048
72,4049
74,4050
74,4054
74,4055
105,4056
74,4057
73,4058
117,4059
73,4060
75,4061
119,4062
74,4063
73,4064
74,4065
72,4067
2,4068
74,4069
53,4070
119,4071
119,4072
73,4074
74,4075
74,4076
53,4077
74,4078
117,4079
74,4081
2,4082
22,4084
2,4087
74,4088
99,4089
99,4090
99,4091
99,4092
74,4094
74,4095
73,4096
57,4098
75,4100
75,4101
74,4102
73,4103
75,4104
80,4111
74,4113
74,4114
73,4116
80,4122
73,4123
35,4125
74,4126
119,4127
53,4128
74,4129
72,4130
74,4131
53,4132
73,4133
7,4134
73,4135
53,4136
74,4137
102,4139
74,4140
74,4141
74,4142
74,4144
74,4145
74,4146
74,4148
2,4151
74,4152
2,4153
53,4155
53,4156
53,4157
72,4158
105,4161
117,4162
119,4163
74,4164
119,4165
119,4166
119,4167
72,4168
22,4169
119,4170
35,4171
119,4174
119,4175
3,4176
3,4177
74,4179
74,4189
2,4191
117,4192
74,4193
117,4195
53,4196
117,4198
53,4199
53,4200
74,4202
74,4204
74,4206
74,4207
119,4208
74,4209
35,4211
53,4212
74,4213
73,4216
74,4217
75,4218
117,4220
73,4223
33,4224
73,4225
73,4226
74,4227
125,4228
125,4229
75,4230
53,4231
73,4232
22,4233
22,4234
22,4235
22,4236
17,4237
73,4238
73,4239
74,4240
117,4241
74,4242
33,4243
74,4244
2,4247
2,4248
2,4250
117,4252
74,4253
2,4254
117,4255
73,4257
72,4258
33,4261
2,4264
74,4267
3,4268
2,4269
74,4270
3,4271
74,4272
74,4273
74,4274
72,4276
117,4278
33,4279
33,4280
33,4281
33,4282
33,4283
33,4284
33,4285
33,4286
33,4287
33,4289
33,4292
117,4293
117,4295
2,4297
2,4298
53,4299
74,4300
74,4301
74,4302
3,4303
74,4304
74,4305
80,4306
83,4307
74,4308
33,4315
3,4317
74,4318
74,4319
53,4320
73,4326
2,4327
73,4328
74,4329
74,4331
74,4332
3,4333
3,4334
2,4335
74,4336
35,4338
35,4339
24,4340
35,4341
2,4342
43,4343
24,4344
117,4345
35,4346
43,4347
2,4348
2,4349
2,4350
2,4351
2,4352
117,4353
2,4354
2,4355
2,4356
2,4357
2,4358
2,4359
117,4360
74,4363
70,4364
72,4368
105,4369
35,4370
105,4376
105,4377
53,4378
74,4379
74,4380
75,4381
75,4382
125,4383
73,4384
73,4385
80,4387
22,4390
74,4392
72,4393
73,4394
73,4397
2,4398
85,4399
74,4400
53,4401
70,4404
2,4405
73,4406
73,4407
9,4409
22,4410
22,4411
80,4412
74,4414
117,4415
74,4417
3,4418
74,4421
74,4422
74,4423
74,4424
72,4425
72,4426
74,4427
74,4429
105,4430
74,4432
74,4434
73,4435
73,4436
73,4437
73,4440
70,4443
70,4444
2,4445
7,4447
74,4448
70,4449
35,4450
35,4451
35,4452
117,4453
35,4454
74,4455
2,4456
35,4457
74,4458
35,4459
72,4462
74,4463
35,4464
2,4465
35,4466
102,4467
80,4468
80,4469
80,4470
80,4471
80,4472
80,4473
70,4474
117,4477
73,4479
33,4480
74,4481
74,4482
2,4485
80,4486
73,4487
74,4490
74,4491
74,4492
117,4493
102,4494
2,4495
2,4496
35,4497
74,4503
22,4505
22,4506
74,4508
2,4509
80,4511
2,4512
80,4513
80,4514
2,4515
72,4516
73,4517
2,4518
73,4519
74,4520
105,4521
80,4522
73,4523
119,4524
74,4525
70,4527
72,4529
22,4530
35,4531
80,4532
35,4533
72,4535
70,4536
53,4537
70,4539
80,4540
80,4541
70,4542
57,4543
57,4544
7,4545
117,4547
99,4550
74,4553
74,4554
53,4555
80,4558
22,4561
119,4563
22,4565
73,4566
7,4568
2,4570
2,4571
119,4572
74,4574
74,4575
130,4576
74,4577
22,4578
74,4579
72,4580
74,4581
117,4582
74,4583
74,4584
117,4585
74,4586
72,4587
117,4591
117,4593
2,4594
2,4595
74,4596
117,4599
74,4603
74,4604
74,4605
74,4606
74,4607
74,4608
74,4609
74,4610
117,4611
74,4612
74,4613
74,4614
74,4615
74,4619
105,4620
74,4621
74,4622
74,4625
74,4626
74,4627
74,4628
74,4629
74,4630
74,4631
15,4632
74,4633
74,4634
74,4635
35,4637
117,4638
99,4639
73,4640
117,4646
2,4647
74,4650
2,4651
2,4652
2,4653
117,4654
74,4655
74,4657
75,4658
44,4659
72,4660
117,4661
117,4663
74,4664
74,4665
22,4666
53,4667
74,4668
53,4669
4,4670
117,4671
74,4674
117,4675
33,4676
70,4677
2,4679
74,4680
119,4681
119,4682
74,4683
22,4684
74,4685
2,4686
53,4687
119,4689
119,4690
117,4692
117,4693
74,4694
117,4695
74,4696
74,4697
74,4698
33,4699
74,4700
117,4701
35,4702
74,4704
74,4705
73,4706
53,4707
2,4708
53,4709
73,4710
53,4714
22,4715
53,4716
53,4717
53,4718
53,4719
73,4725
99,4729
74,4730
117,4731
74,4733
53,4734
57,4735
117,4737
2,4741
73,4742
70,4744
72,4745
57,4746
72,4747
74,4748
3,4749
70,4750
35,4751
57,4754
22,4755
70,4756
22,4757
74,4758
117,4759
22,4763
22,4764
22,4765
88,4768
2,4769
65,4771
65,4772
65,4773
65,4774
65,4775
65,4777
65,4778
65,4779
65,4780
74,4781
117,4782
53,4785
105,4786
73,4787
73,4788
80,4789
117,4791
117,4793
35,4794
2,4795
2,4796
61,4798
53,4800
22,4806
117,4807
53,4808
53,4809
53,4810
74,4811
2,4812
35,4813
74,4814
74,4815
74,4816
74,4817
73,4818
125,4820
119,4821
119,4822
74,4823
125,4824
72,4825
74,4826
2,4827
72,4829
74,4831
117,4832
74,4833
22,4834
70,4836
53,4837
2,4838
74,4839
72,4840
3,4843
117,4844
74,4845
74,4846
74,4848
74,4850
73,4851
80,4856
80,4857
73,4858
80,4860
80,4861
80,4862
80,4863
80,4864
80,4865
80,4866
80,4867
80,4868
73,4883
80,4884
119,4885
74,4886
2,4887
2,4888
2,4889
53,4890
74,4892
2,4895
2,4897
72,4898
74,4901
74,4903
73,4905
33,4909
117,4914
35,4916
74,4918
2,4919
117,4920
2,4924
53,4926
74,4927
2,4930
2,4931
2,4933
2,4938
2,4941
2,4942
73,4943
125,4944
74,4945
117,4946
3,4947
22,4948
74,4950
102,4951
53,4952
53,4953
53,4954
2,4955
74,4956
73,4957
35,4959
74,4960
35,4961
35,4962
2,4963
35,4964
2,4965
74,4966
117,4967
125,4968
74,4969
117,4970
74,4971
117,4972
117,4973
117,4974
117,4975
117,4976
74,4977
117,4978
117,4979
2,4980
2,4981
70,4982
70,4983
74,4984
74,4986
80,4992
35,4996
35,4997
74,5001
2,5002
35,5003
119,5004
74,5005
73,5007
117,5008
117,5009
53,5012
53,5013
53,5014
30,5015
85,5016
53,5017
73,5018
80,5020
2,5022
2,5023
2,5024
2,5025
2,5026
53,5027
53,5028
53,5030
53,5031
53,5032
33,5033
73,5034
73,5035
74,5036
2,5037
2,5038
75,5039
33,5040
74,5041
35,5044
35,5045
72,5046
2,5047
35,5048
35,5049
117,5050
74,5051
2,5052
2,5053
2,5055
117,5056
2,5057
105,5060
105,5061
74,5064
74,5065
74,5066
74,5067
74,5068
74,5069
74,5070
74,5071
74,5072
105,5073
74,5074
105,5075
74,5076
2,5077
74,5078
74,5079
74,5080
74,5082
61,5083
74,5085
61,5086
119,5087
80,5088
74,5089
74,5090
74,5091
74,5092
74,5093
73,5096
73,5097
105,5099
74,5103
74,5104
73,5106
74,5107
74,5108
105,5109
53,5110
73,5111
72,5112
2,5113
74,5115
53,5117
53,5118
33,5119
117,5120
72,5121
117,5122
73,5123
73,5124
73,5125
73,5126
73,5127
53,5128
74,5129
74,5130
74,5131
117,5132
73,5133
74,5135
72,5139
2,5140
2,5142
74,5146
3,5148
70,5149
53,5150
73,5151
74,5153
74,5154
80,5157
73,5160
74,5161
74,5162
74,5163
74,5165
74,5166
74,5167
74,5168
119,5170
74,5171
117,5175
22,5176
65,5177
80,5179
74,5186
74,5187
117,5189
73,5191
75,5192
74,5193
59,5194
125,5195
125,5196
125,5197
73,5198
80,5199
80,5200
53,5202
70,5203
74,5204
2,5206
2,5207
73,5208
73,5209
73,5211
73,5212
73,5213
88,5214
70,5215
2,5220
2,5221
119,5222
2,5223
22,5224
2,5225
2,5226
74,5227
74,5229
74,5232
40,5234
117,5235
2,5236
2,5237
117,5238
117,5239
117,5240
117,5241
117,5242
73,5245
73,5246
73,5247
73,5248
73,5249
73,5250
33,5251
33,5252
73,5253
73,5254
73,5255
73,5256
73,5257
73,5258
73,5259
73,5260
73,5261
73,5262
73,5263
73,5264
73,5265
73,5266
73,5267
73,5268
73,5269
73,5270
73,5271
73,5272
73,5273
73,5274
73,5275
74,5276
74,5277
74,5278
73,5279
74,5280
35,5285
2,5287
2,5290
75,5292
2,5293
2,5294
35,5295
2,5296
75,5297
75,5298
35,5300
72,5301
35,5302
74,5303
70,5308
70,5309
70,5310
57,5311
72,5313
117,5314
74,5316
18,5317
2,5319
74,5320
2,5321
57,5322
57,5323
57,5324
56,5325
2,5326
2,5327
2,5328
2,5329
2,5330
2,5331
35,5332
2,5333
2,5334
2,5335
2,5336
74,5337
2,5338
53,5339
53,5340
53,5341
53,5342
53,5343
7,5344
74,5347
72,5348
74,5349
74,5350
73,5351
74,5352
74,5353
74,5354
74,5355
74,5356
74,5357
73,5358
73,5359
22,5360
74,5364
74,5365
73,5366
105,5371
57,5372
117,5373
74,5374
111,5375
74,5376
117,5378
105,5381
22,5382
105,5383
2,5386
35,5387
74,5388
74,5389
74,5391
3,5393
73,5401
74,5405
73,5406
74,5407
74,5408
74,5409
74,5410
74,5411
74,5412
74,5413
74,5414
74,5415
74,5416
72,5417
75,5418
74,5419
117,5421
35,5422
74,5423
74,5425
73,5426
73,5427
96,5428
105,5429
2,5430
73,5431
73,5432
117,5434
74,5435
117,5436
74,5437
74,5438
80,5439
70,5440
80,5441
80,5442
70,5443
70,5444
70,5445
74,5446
22,5447
53,5448
70,5449
70,5451
80,5452
70,5453
53,5454
2,5455
53,5456
74,5457
35,5458
74,5459
105,5460
74,5461
74,5462
74,5463
74,5464
74,5465
117,5466
74,5467
74,5468
74,5469
74,5470
72,5471
72,5472
74,5473
74,5476
53,5481
74,5482
74,5483
74,5484
74,5485
74,5488
74,5489
74,5490
22,5491
74,5492
74,5493
56,5494
73,5495
2,5497
74,5498
74,5499
117,5500
53,5502
7,5503
35,5504
119,5506
33,5507
74,5508
22,5509
57,5510
74,5512
53,5513
22,5514
74,5516
22,5518
119,5519
74,5520
74,5521
2,5522
119,5525
2,5526
117,5527
72,5528
73,5530
73,5531
74,5532
3,5533
74,5534
125,5535
70,5536
70,5537
53,5538
80,5539
22,5540
117,5541
80,5543
70,5544
74,5545
74,5546
74,5547
70,5548
2,5549
70,5550
74,5551
74,5552
74,5553
117,5555
74,5556
74,5557
74,5559
117,5560
74,5563
74,5565
117,5566
74,5569
75,5570
117,5572
74,5582
74,5583
74,5584
72,5585
105,5586
72,5587
74,5588
74,5589
72,5590
102,5591
74,5592
72,5593
74,5594
70,5595
22,5596
80,5598
2,5599
22,5600
75,5601
56,5602
53,5603
33,5604
74,5605
33,5607
33,5609
74,5612
72,5626
73,5627
73,5628
74,5629
57,5630
74,5633
74,5634
74,5636
117,5637
22,5638
22,5639
74,5640
74,5641
74,5642
74,5643
74,5644
74,5648
74,5649
74,5650
74,5652
74,5653
74,5655
74,5656
74,5657
74,5658
74,5659
74,5660
74,5661
70,5662
70,5664
117,5665
73,5666
117,5667
77,5672
2,5684
79,5686
79,5687
79,5688
117,5689
79,5690
2,5691
2,5692
2,5693
73,5694
2,5695
2,5696
2,5697
53,5698
79,5699
79,5700
2,5701
79,5702
79,5703
79,5704
2,5706
2,5707
2,5708
102,5709
2,5710
35,5711
2,5712
2,5713
2,5714
79,5715
79,5716
79,5717
79,5718
79,5719
79,5720
2,5721
79,5722
2,5723
2,5724
80,5726
74,5727
74,5731
117,5732
117,5733
117,5738
117,5739
74,5742
74,5743
53,5746
74,5747
74,5749
2,5751
117,5752
74,5753
73,5755
73,5756
53,5757
53,5758
70,5759
2,5760
74,5762
74,5763
2,5764
70,5765
56,5766
117,5769
70,5770
53,5772
53,5773
80,5775
74,5776
73,5778
7,5780
105,5781
73,5782
73,5783
73,5784
73,5785
73,5786
73,5787
73,5788
73,5789
2,5790
72,5791
117,5792
72,5793
2,5794
2,5795
117,5796
2,5797
2,5799
74,5800
74,5801
74,5802
74,5803
117,5805
117,5806
35,5807
72,5817
74,5821
74,5822
74,5823
72,5824
73,5825
73,5826
74,5827
74,5828
2,5829
105,5830
2,5831
74,5832
73,5833
74,5834
2,5835
35,5836
119,5837
105,5838
2,5839
97,5842
72,5843
72,5844
125,5845
125,5846
2,5847
74,5848
2,5849
73,5850
70,5851
53,5852
70,5853
70,5856
22,5858
22,5859
80,5860
80,5861
80,5862
80,5863
80,5864
80,5865
80,5867
57,5868
105,5869
68,5870
80,5871
80,5872
80,5873
22,5874
80,5877
80,5878
102,5880
80,5881
119,5884
73,5885
73,5886
73,5887
73,5888
73,5889
73,5890
73,5891
73,5892
73,5893
73,5894
73,5895
73,5896
73,5897
73,5898
73,5899
73,5900
73,5901
73,5902
73,5903
73,5905
73,5906
73,5907
73,5908
73,5909
73,5910
73,5911
73,5912
73,5913
73,5914
73,5915
73,5916
73,5917
73,5918
73,5919
73,5920
73,5921
73,5922
73,5923
73,5924
73,5925
73,5926
73,5927
73,5928
73,5929
73,5930
73,5933
73,5934
73,5935
70,5936
73,5937
53,5939
74,5940
57,5942
74,5943
2,5944
74,5946
53,5951
73,5952
75,5954
75,5955
75,5956
74,5961
73,5965
72,5967
35,5968
117,5969
22,5971
80,5972
74,5973
74,5975
119,5976
119,5977
119,5978
22,5979
53,5985
53,5986
2,5988
80,5991
2,5992
105,5993
53,5994
99,5998
73,5999
73,6000
74,6001
74,6005
72,6007
102,6008
53,6009
89,6010
7,6011
7,6012
7,6013
7,6014
119,6015
73,6020
73,6021
73,6022
73,6023
73,6024
73,6025
73,6026
73,6027
73,6028
73,6029
73,6030
73,6031
73,6032
73,6033
73,6034
73,6035
73,6036
73,6037
73,6038
73,6039
73,6040
73,6041
73,6042
73,6043
73,6044
73,6045
73,6046
73,6047
73,6049
73,6051
73,6052
73,6053
74,6055
73,6058
73,6059
73,6060
73,6061
73,6062
73,6063
73,6064
73,6065
73,6066
73,6067
73,6068
73,6069
73,6070
117,6071
73,6075
74,6076
74,6077
2,6078
74,6082
74,6083
73,6084
73,6085
73,6086
73,6087
73,6088
33,6089
2,6091
117,6092
2,6094
117,6096
74,6098
2,6099
2,6100
74,6103
2,6104
74,6105
74,6106
80,6107
2,6109
102,6111
2,6114
117,6115
74,6117
119,6118
73,6119
119,6120
74,6121
75,6122
75,6123
2,6124
2,6125
74,6126
117,6127
72,6128
74,6129
117,6130
70,6131
35,6132
102,6135
74,6136
74,6137
117,6138
117,6139
70,6140
80,6141
117,6142
102,6144
102,6147
22,6149
117,6151
117,6152
35,6153
119,6154
73,6155
73,6156
73,6157
73,6158
73,6159
73,6160
73,6161
73,6162
73,6163
73,6164
73,6165
73,6166
73,6167
73,6168
73,6169
73,6170
73,6171
73,6172
74,6173
2,6174
74,6175
2,6176
2,6179
22,6181
2,6182
74,6183
74,6184
117,6185
2,6187
2,6188
72,6189
2,6190
2,6198
74,6199
73,6200
73,6201
73,6202
73,6203
73,6204
73,6205
73,6206
117,6207
119,6208
53,6209
80,6210
70,6211
74,6212
74,6213
74,6214
73,6215
2,6218
2,6219
2,6220
2,6222
80,6223
80,6224
74,6228
35,6229
2,6232
2,6233
2,6234
2,6235
2,6236
2,6237
2,6238
99,6239
2,6240
2,6241
2,6242
2,6243
2,6244
2,6245
2,6246
2,6247
2,6248
2,6249
2,6250
2,6251
2,6252
2,6253
2,6254
2,6255
2,6256
2,6257
2,6258
2,6259
2,6260
2,6261
73,6263
74,6264
73,6265
22,6266
70,6267
53,6270
74,6271
22,6274
70,6275
22,6276
22,6279
22,6280
73,6283
80,6284
70,6285
70,6286
70,6287
105,6288
70,6289
74,6295
102,6300
53,6302
73,6304
22,6308
119,6309
22,6310
73,6313
2,6316
2,6318
74,6319
74,6320
74,6321
80,6323
74,6324
2,6325
70,6326
2,6327
53,6328
53,6330
53,6331
53,6332
53,6333
53,6334
99,6336
99,6337
2,6338
72,6339
74,6340
74,6341
74,6345
2,6347
74,6348
117,6349
117,6350
74,6351
72,6353
22,6354
72,6355
80,6357
74,6359
117,6360
74,6362
74,6363
74,6366
2,6367
74,6368
73,6369
72,6370
73,6371
74,6372
75,6376
75,6377
80,6379
74,6380
74,6381
74,6382
117,6384
73,6386
74,6387
2,6388
74,6389
53,6391
74,6392
19,6393
70,6394
73,6396
1,6398
53,6399
73,6400
70,6401
2,6402
53,6403
105,6404
105,6405
74,6407
53,6409
53,6410
105,6411
105,6412
70,6413
74,6414
45,6416
75,6417
74,6418
73,6419
35,6420
74,6421
80,6428
70,6429
35,6430
72,6431
3,6432
119,6433
74,6435
33,6436
119,6438
7,6439
119,6440
72,6441
22,6443
73,6444
73,6445
73,6446
22,6447
70,6448
74,6449
73,6452
74,6457
73,6458
73,6459
74,6461
73,6463
74,6464
72,6465
74,6466
73,6469
73,6470
74,6471
73,6475
2,6476
35,6477
74,6478
74,6479
73,6480
74,6481
117,6482
74,6483
73,6484
117,6485
74,6486
75,6487
117,6488
117,6489
2,6490
2,6491
72,6492
117,6493
74,6494
74,6495
117,6496
74,6497
117,6498
125,6499
73,6501
74,6502
80,6503
80,6504
73,6505
72,6506
2,6507
53,6510
22,6511
22,6512
73,6513
70,6514
72,6516
2,6517
2,6518
74,6522
22,6524
74,6525
2,6526
2,6528
74,6530
74,6531
74,6535
74,6536
105,6538
75,6539
35,6541
35,6542
117,6547
117,6548
33,6549
74,6550
72,6551
73,6552
73,6553
73,6554
73,6555
70,6556
73,6557
73,6558
73,6559
73,6560
73,6561
73,6562
73,6563
73,6564
73,6565
73,6566
73,6567
73,6568
73,6569
73,6570
73,6571
73,6572
73,6573
73,6574
105,6575
105,6576
80,6578
53,6579
73,6580
73,6582
73,6584
53,6585
74,6592
74,6593
74,6596
74,6597
74,6599
74,6600
74,6601
53,6602
73,6603
74,6604
80,6606
80,6607
80,6609
74,6612
2,6614
57,6615
57,6616
74,6617
22,6618
117,6619
22,6621
117,6622
117,6623
2,6624
2,6625
2,6626
2,6627
117,6632
117,6633
74,6635
105,6636
117,6637
117,6638
117,6639
117,6640
117,6641
117,6642
117,6643
117,6644
74,6645
73,6646
73,6647
73,6648
73,6649
33,6650
74,6651
53,6652
117,6653
74,6654
117,6655
73,6657
117,6658
70,6659
117,6660
2,6661
117,6662
74,6664
74,6669
117,6670
74,6671
2,6672
35,6673
72,6675
74,6676
57,6677
73,6678
73,6679
73,6680
74,6681
73,6682
73,6683
74,6684
117,6685
2,6686
117,6687
73,6688
72,6689
102,6692
2,6693
102,6694
73,6697
73,6698
73,6699
73,6700
73,6701
74,6702
33,6703
22,6704
72,6705
74,6707
74,6708
74,6709
74,6710
74,6711
74,6712
2,6713
22,6714
74,6715
74,6716
22,6717
53,6720
74,6721
105,6722
72,6723
80,6724
74,6727
73,6728
73,6729
73,6730
73,6731
73,6732
73,6733
73,6734
73,6735
73,6736
73,6737
73,6738
73,6739
73,6740
73,6741
73,6742
73,6743
73,6744
73,6745
73,6746
53,6747
53,6748
74,6749
22,6750
3,6774
75,6775
1,6777
1,6779
74,6781
2,6782
80,6783
117,6784
75,6785
99,6786
2,6787
73,6788
3,6790
53,6792
74,6794
70,6795
73,6796
73,6797
73,6798
72,6799
74,6801
74,6804
80,6806
74,6807
74,6808
117,6809
2,6810
74,6811
117,6812
117,6813
2,6816
2,6817
2,6818
2,6819
117,6821
117,6822
35,6823
35,6824
105,6826
35,6832
72,6833
70,6834
3,6835
22,6836
75,6837
22,6838
80,6839
73,6840
80,6841
80,6842
80,6843
80,6844
80,6845
80,6846
57,6847
57,6848
57,6849
57,6850
57,6851
57,6852
73,6853
70,6854
74,6855
74,6856
102,6860
102,6861
102,6862
22,6863
22,6865
22,6866
117,6867
102,6868
73,6869
35,6874
2,6880
74,6881
80,6882
53,6883
74,6884
74,6885
74,6887
73,6888
73,6889
73,6890
73,6891
73,6892
73,6893
73,6894
73,6895
73,6896
73,6897
73,6898
73,6899
74,6900
74,6901
74,6906
105,6907
74,6908
75,6909
75,6910
75,6911
75,6912
75,6913
75,6914
75,6915
75,6916
75,6917
75,6918
75,6919
75,6920
75,6921
81,6922
74,6923
74,6924
80,6927
80,6928
80,6929
80,6930
80,6931
80,6932
2,6933
2,6934
80,6935
35,6936
35,6937
73,6938
73,6939
73,6940
73,6941
73,6942
105,6943
74,6948
74,6949
2,6950
74,6954
75,6960
74,6961
117,6962
80,6963
80,6964
74,6965
75,6968
74,6971
74,6973
75,6976
74,6978
119,6980
75,6981
75,6982
75,6983
74,6984
74,6985
75,6986
117,6987
74,6988
74,6989
122,6990
74,6991
74,6992
74,6993
102,6997
2,6998
73,6999
2,7000
2,7002
125,7003
125,7004
125,7005
2,7006
13,7007
13,7008
117,7009
117,7010
80,7012
2,7013
74,7014
74,7016
74,7017
74,7018
74,7020
74,7021
74,7022
73,7023
35,7024
35,7026
2,7027
2,7028
22,7030
2,7031
22,7032
53,7033
74,7034
119,7035
74,7036
105,7037
105,7038
2,7039
2,7040
7,7041
74,7043
80,7045
80,7046
74,7047
74,7048
7,7049
80,7050
74,7051
73,7052
125,7053
73,7054
68,7055
119,7056
119,7057
74,7058
22,7060
119,7061
22,7062
22,7064
22,7066
75,7067
75,7068
57,7069
53,7070
119,7071
119,7072
119,7073
119,7074
74,7076
33,7077
80,7078
56,7080
56,7081
56,7082
56,7083
56,7084
56,7085
105,7086
80,7087
73,7089
74,7090
74,7091
72,7092
80,7094
74,7095
74,7097
74,7098
117,7099
3,7100
74,7102
72,7103
74,7104
74,7105
117,7107
2,7111
117,7113
117,7114
117,7115
73,7116
73,7117
73,7118
73,7119
73,7120
73,7121
73,7122
73,7123
73,7124
73,7125
73,7126
53,7129
102,7130
53,7131
82,7134
119,7135
74,7137
74,7138
74,7139
2,7140
72,7141
74,7142
75,7143
74,7144
74,7146
74,7147
74,7148
74,7149
74,7150
117,7151
74,7152
2,7153
53,7154
2,7156
53,7157
2,7158
117,7159
74,7160
74,7161
53,7162
102,7163
80,7164
73,7165
72,7166
74,7167
102,7169
72,7170
105,7171
2,7172
35,7173
33,7175
33,7177
73,7178
74,7179
70,7182
73,7184
117,7185
117,7186
33,7187
74,7188
80,7190
105,7191
74,7194
22,7195
35,7197
22,7198
22,7200
74,7201
22,7202
2,7203
73,7204
22,7205
72,7209
74,7210
74,7211
70,7212
74,7213
70,7214
73,7215
73,7216
105,7217
74,7220
53,7221
22,7222
74,7223
73,7224
74,7225
74,7226
2,7227
117,7228
74,7229
73,7230
73,7231
74,7232
74,7233
74,7234
2,7241
2,7242
2,7243
80,7249
80,7253
74,7254
105,7255
102,7256
102,7257
80,7258
35,7260
22,7262
73,7263
22,7264
22,7265
2,7266
74,7267
74,7269
74,7270
72,7271
74,7272
80,7273
74,7274
105,7278
72,7279
57,7280
53,7281
73,7282
22,7283
73,7284
35,7285
2,7286
2,7287
73,7288
73,7289
73,7290
73,7291
73,7292
73,7293
80,7294
2,7295
2,7296
2,7297
2,7298
80,7299
2,7300
2,7301
2,7302
2,7303
2,7304
73,7305
73,7306
73,7307
73,7308
73,7309
117,7310
73,7311
53,7312
102,7313
74,7314
22,7315
22,7316
117,7318
2,7319
73,7321
2,7322
2,7326
74,7327
74,7328
73,7329
74,7332
119,7335
73,7337
7,7338
35,7339
22,7341
74,7345
117,7346
2,7347
74,7348
72,7349
2,7350
75,7351
74,7352
80,7353
22,7354
72,7355
74,7356
72,7357
73,7358
73,7359
73,7360
73,7361
73,7362
73,7363
80,7364
80,7365
35,7366
70,7367
70,7368
2,7369
72,7370
73,7371
2,7372
74,7373
74,7374
2,7375
22,7376
22,7377
119,7379
119,7380
2,7381
74,7383
74,7384
74,7385
73,7386
73,7387
80,7388
53,7390
53,7392
102,7393
53,7394
2,7395
121,7398
2,7399
72,7401
117,7402
74,7403
119,7404
53,7405
74,7406
2,7407
22,7408
72,7409
117,7410
80,7412
35,7413
72,7414
35,7415
72,7416
105,7417
2,7421
74,7423
74,7424
117,7425
57,7427
117,7428
73,7429
74,7430
74,7431
75,7433
73,7435
74,7436
74,7438
80,7439
53,7440
80,7441
22,7442
75,7443
75,7444
75,7445
72,7447
2,7448
74,7449
75,7450
72,7451
75,7452
74,7453
75,7454
75,7455
73,7456
74,7457
74,7458
53,7459
75,7460
117,7461
74,7464
35,7465
72,7467
74,7468
72,7469
2,7470
74,7471
2,7474
117,7476
117,7477
102,7478
70,7479
57,7480
2,7481
74,7483
2,7485
2,7486
73,7487
73,7488
73,7489
73,7490
73,7491
2,7492
73,7493
80,7494
74,7495
22,7496
2,7498
22,7499
80,7500
22,7504
73,7506
70,7507
53,7510
73,7511
73,7513
75,7514
74,7517
74,7518
74,7519
73,7520
74,7521
2,7525
117,7526
74,7528
117,7529
2,7530
35,7531
74,7532
73,7535
22,7536
22,7537
117,7538
74,7539
105,7540
105,7542
22,7543
22,7544
33,7545
74,7548
105,7549
33,7550
73,7551
80,7552
80,7553
74,7558
74,7561
74,7564
2,7565
75,7566
72,7567
74,7568
117,7569
74,7570
73,7571
74,7572
2,7573
74,7574
74,7576
74,7577
74,7578
80,7580
80,7581
80,7582
117,7583
2,7584
119,7585
2,7586
105,7587
75,7588
117,7589
2,7590
119,7591
102,7592
74,7593
74,7594
80,7595
105,7596
22,7597
22,7598
70,7600
117,7602
117,7603
22,7604
22,7605
2,7606
85,7607
85,7608
119,7609
57,7610
2,7611
74,7612
72,7613
117,7615
35,7616
35,7617
74,7618
74,7619
57,7620
2,7621
2,7622
74,7623
2,7625
80,7626
2,7627
2,7628
74,7629
119,7630
74,7631
57,7632
75,7638
22,7640
22,7641
72,7644
2,7646
77,7647
74,7655
70,7656
70,7657
70,7658
70,7659
70,7660
70,7661
53,7662
102,7663
70,7664
22,7667
74,7670
22,7671
74,7672
2,7674
2,7678
72,7679
74,7680
74,7681
74,7682
74,7683
125,7684
2,7685
2,7686
2,7687
102,7689
76,7690
2,7691
102,7693
102,7694
119,7695
2,7697
80,7698
102,7699
80,7700
75,7702
75,7703
75,7704
72,7706
74,7711
74,7712
74,7713
70,7716
117,7717
74,7718
119,7723
2,7724
74,7726
117,7727
74,7728
22,7731
22,7732
2,7733
2,7734
125,7735
2,7736
2,7737
2,7739
2,7740
2,7742
2,7743
73,7744
117,7745
22,7746
22,7747
75,7748
75,7749
75,7750
75,7751
75,7752
75,7753
117,7754
2,7755
74,7758
74,7759
117,7760
73,7763
33,7764
75,7765
22,7766
22,7767
2,7768
22,7769
57,7770
80,7771
74,7772
33,7773
74,7776
105,7779
2,7782
2,7783
2,7784
53,7787
99,7789
2,7790
72,7792
74,7799
117,7800
73,7802
73,7803
53,7804
53,7806
2,7811
80,7812
74,7813
74,7814
117,7818
80,7825
53,7826
53,7827
75,7828
74,7830
74,7831
74,7833
74,7835
2,7837
73,7838
35,7839
73,7840
80,7841
70,7842
2,7843
74,7844
73,7846
33,7847
22,7848
74,7849
74,7850
74,7851
74,7852
22,7853
73,7854
73,7855
22,7857
22,7860
53,7861
75,7862
56,7863
74,7864
2,7865
117,7866
80,7867
68,7868
80,7869
80,7870
68,7871
80,7873
80,7874
80,7875
2,7876
2,7877
33,7878
2,7879
70,7880
56,7881
80,7882
80,7883
80,7884
80,7885
80,7886
74,7889
22,7890
33,7892
2,7897
70,7899
35,7902
125,7903
117,7904
102,7906
102,7907
102,7908
102,7909
117,7912
74,7913
73,7915
85,7916
75,7917
2,7918
2,7919
2,7920
2,7921
2,7923
2,7926
2,7927
2,7928
2,7929
70,7930
2,7931
119,7933
72,7934
117,7935
72,7936
74,7937
73,7938
102,7939
80,7940
117,7941
2,7942
2,7943
74,7946
2,7947
75,7948
2,7950
117,7951
73,7952
119,7953
74,7954
117,7955
74,7959
22,7960
7,7965
74,7966
80,7967
70,7968
74,7969
74,7970
74,7971
74,7972
2,7973
74,7974
2,7975
117,7976
2,7977
80,7978
80,7980
117,7983
73,7985
74,7986
22,7987
22,7988
22,7989
53,7990
75,7993
75,7995
62,7996
72,7997
73,7998
74,7999
13,8001
13,8002
75,8003
75,8004
117,8005
22,8007
70,8008
74,8010
22,8011
35,8013
2,8015
7,8016
2,8017
7,8019
74,8020
2,8021
35,8023
74,8025
74,8026
117,8027
117,8028
117,8029
2,8030
73,8031
2,8032
74,8033
75,8034
80,8035
102,8036
80,8037
80,8038
80,8039
35,8040
50,8041
2,8042
2,8044
2,8045
117,8050
74,8051
74,8053
75,8054
2,8055
33,8056
74,8057
73,8058
70,8059
72,8063
74,8065
74,8066
74,8067
74,8068
53,8069
53,8071
53,8072
22,8073
53,8074
72,8076
74,8077
3,8079
35,8080
74,8081
72,8082
72,8083
74,8084
74,8085
2,8086
2,8087
74,8089
74,8090
125,8091
33,8092
72,8094
74,8096
74,8097
117,8098
74,8099
117,8100
74,8106
74,8107
74,8111
117,8114
2,8115
2,8116
2,8117
2,8118
2,8119
117,8120
117,8122
117,8123
2,8124
2,8125
117,8126
117,8127
2,8128
117,8129
74,8131
2,8132
2,8133
74,8134
74,8135
74,8136
2,8137
117,8138
2,8139
2,8140
2,8141
74,8142
102,8144
73,8145
117,8147
14,8148
74,8149
57,8150
74,8151
74,8152
57,8153
80,8155
80,8156
102,8157
117,8158
74,8159
74,8160
22,8161
53,8162
117,8163
117,8164
73,8165
73,8166
73,8168
80,8169
80,8170
80,8171
80,8173
80,8174
80,8176
80,8177
80,8178
57,8179
80,8185
70,8186
73,8187
80,8188
80,8190
73,8191
105,8192
117,8193
74,8194
102,8195
80,8196
80,8199
105,8200
75,8201
75,8202
75,8203
84,8204
22,8205
2,8206
2,8207
119,8209
119,8210
119,8211
56,8212
56,8213
56,8214
56,8215
56,8216
56,8217
56,8218
56,8219
56,8220
74,8221
74,8223
119,8224
74,8226
2,8227
74,8228
74,8229
74,8231
2,8232
117,8233
72,8234
74,8235
117,8236
2,8237
117,8238
35,8239
74,8240
2,8241
2,8242
2,8243
74,8244
99,8245
35,8246
2,8247
74,8248
100,8251
100,8252
74,8254
74,8255
74,8256
74,8257
74,8258
105,8259
53,8260
105,8261
105,8262
74,8263
105,8264
74,8266
75,8268
74,8269
22,8271
74,8272
2,8273
74,8274
22,8275
74,8276
75,8277
72,8278
2,8279
2,8280
74,8282
74,8283
74,8284
73,8285
117,8286
72,8287
74,8288
72,8289
74,8290
57,8291
75,8293
80,8294
74,8295
80,8296
73,8297
72,8302
117,8303
74,8306
74,8309
117,8310
2,8312
117,8313
74,8314
74,8315
102,8316
22,8317
73,8318
119,8319
7,8320
73,8322
33,8324
74,8325
74,8326
74,8327
2,8328
2,8329
105,8330
74,8332
74,8333
74,8336
74,8337
3,8339
74,8340
80,8341
74,8342
2,8343
80,8344
117,8345
2,8346
53,8347
2,8348
119,8349
2,8350
33,8351
2,8352
80,8353
80,8354
80,8355
80,8356
80,8357
80,8358
80,8359
80,8360
80,8361
80,8362
80,8363
80,8364
80,8365
80,8366
75,8367
2,8368
53,8370
72,8371
73,8372
73,8373
72,8374
117,8375
74,8377
74,8378
74,8379
33,8380
2,8382
80,8386
73,8387
119,8388
119,8389
119,8391
53,8392
22,8393
119,8396
72,8398
72,8400
22,8401
119,8402
33,8403
117,8404
73,8405
74,8406
73,8407
73,8408
74,8409
119,8410
2,8411
2,8412
2,8413
74,8414
73,8415
74,8416
70,8418
70,8419
53,8420
35,8421
70,8422
74,8423
70,8424
70,8425
70,8426
33,8427
33,8429
2,8431
2,8432
99,8434
2,8435
117,8436
88,8438
80,8439
2,8440
35,8441
117,8442
53,8444
22,8445
70,8446
2,8447
22,8448
22,8449
124,8450
72,8451
80,8452
119,8453
102,8454
2,8456
2,8457
2,8458
2,8459
2,8460
2,8461
2,8462
2,8463
53,8464
102,8465
105,8466
74,8467
74,8469
117,8471
72,8472
102,8473
22,8474
22,8475
80,8476
74,8477
74,8478
2,8479
2,8480
2,8481
2,8482
2,8483
2,8484
2,8485
2,8486
2,8487
2,8488
117,8489
117,8490
117,8491
74,8492
35,8495
80,8499
70,8500
72,8501
74,8503
80,8504
22,8506
22,8507
73,8508
7,8509
74,8510
22,8511
117,8512
74,8513
74,8515
117,8516
53,8517
74,8518
56,8519
56,8520
56,8521
56,8522
56,8523
56,8524
56,8525
56,8526
56,8527
56,8528
117,8529
22,8531
119,8532
7,8533
74,8535
75,8536
75,8537
74,8538
2,8540
73,8542
74,8544
74,8545
117,8546
125,8547
2,8548
74,8549
2,8550
2,8551
74,8552
74,8553
70,8557
74,8558
7,8559
7,8560
74,8561
2,8563
56,8565
74,8566
74,8567
2,8568
119,8569
80,8570
74,8571
53,8572
74,8574
74,8575
2,8576
102,8578
80,8580
22,8581
53,8582
80,8583
79,8584
74,8585
74,8586
80,8587
80,8588
80,8589
72,8590
80,8591
70,8592
80,8593
80,8594
80,8595
73,8596
119,8601
74,8602
102,8603
70,8604
22,8605
125,8606
2,8607
2,8608
74,8609
73,8610
74,8612
80,8613
2,8614
22,8615
22,8616
22,8617
74,8618
33,8619
70,8620
80,8621
2,8622
2,8623
56,8624
2,8626
70,8627
105,8628
80,8631
74,8632
102,8633
2,8634
2,8635
35,8636
75,8637
35,8638
74,8640
74,8641
75,8642
35,8643
35,8644
74,8645
84,8648
2,8649
117,8650
74,8651
73,8652
72,8653
72,8656
80,8657
2,8658
115,8659
75,8660
74,8661
22,8663
53,8664
22,8665
22,8666
22,8667
22,8668
22,8669
22,8670
22,8671
22,8672
57,8673
22,8674
73,8675
80,8676
22,8677
22,8679
74,8680
119,8681
74,8682
70,8683
22,8684
73,8685
70,8686
74,8687
2,8688
75,8689
35,8690
53,8691
73,8693
22,8695
22,8696
56,8697
56,8698
85,8699
70,8700
85,8701
75,8702
75,8703
22,8704
74,8705
74,8706
102,8707
117,8708
102,8714
75,8716
75,8717
75,8718
75,8719
74,8723
35,8727
74,8729
74,8730
75,8731
53,8732
33,8733
74,8734
74,8735
74,8736
73,8737
74,8738
74,8739
74,8740
74,8741
74,8742
74,8743
74,8744
80,8745
105,8746
53,8748
53,8749
22,8750
22,8752
119,8753
70,8759
70,8760
2,8762
53,8763
80,8764
22,8765
2,8766
119,8767
73,8768
74,8769
74,8770
117,8772
75,8773
2,8774
80,8775
72,8776
35,8777
74,8778
73,8779
74,8780
35,8781
73,8782
35,8783
35,8784
35,8785
74,8787
74,8788
2,8790
73,8792
117,8793
53,8794
105,8795
73,8796
102,8797
102,8799
102,8800
102,8801
102,8802
102,8803
102,8804
102,8805
75,8806
75,8807
75,8808
75,8809
75,8810
75,8811
75,8812
75,8813
74,8814
57,8817
72,8818
72,8819
74,8820
102,8821
73,8824
80,8825
70,8826
53,8827
74,8828
53,8829
119,8830
72,8831
80,8832
80,8833
68,8835
105,8836
80,8837
70,8838
80,8839
74,8842
2,8843
117,8845
73,8847
74,8848
74,8849
74,8851
74,8852
75,8853
117,8854
117,8855
75,8856
80,8858
22,8861
22,8862
74,8864
73,8865
119,8867
73,8868
53,8870
80,8872
48,8873
57,8875
74,8876
74,8877
35,8878
117,8879
117,8880
117,8881
2,8884
105,8886
105,8887
105,8889
105,8890
105,8891
117,8892
70,8893
74,8894
74,8895
72,8896
22,8900
74,8902
22,8903
22,8904
22,8905
22,8906
119,8907
119,8908
2,8910
117,8911
73,8912
108,8913
75,8914
75,8915
2,8916
2,8917
33,8918
74,8919
74,8920
117,8921
74,8922
117,8924
117,8925
74,8926
74,8928
73,8929
73,8933
33,8934
2,8935
22,8937
22,8938
74,8939
2,8940
117,8943
74,8944
74,8945
75,8949
75,8950
53,8951
22,8953
22,8954
79,8955
22,8957
53,8958
22,8960
102,8962
80,8963
80,8964
2,8965
2,8966
105,8967
2,8968
2,8969
2,8970
56,8971
2,8972
2,8973
102,8974
74,8975
74,8976
74,8978
72,8979
2,8980
125,8981
117,8982
22,8984
22,8985
2,8987
2,8989
72,8990
2,8992
74,8993
73,8997
74,8998
105,8999
22,9000
22,9001
2,9002
117,9003
117,9004
2,9005
105,9006
117,9007
2,9008
22,9009
105,9010
105,9011
72,9012
73,9013
2,9014
2,9015
72,9016
48,9017
35,9018
53,9019
70,9021
74,9023
74,9024
22,9025
22,9026
80,9027
80,9028
80,9029
73,9033
73,9034
105,9035
105,9036
33,9037
35,9038
72,9039
75,9040
75,9041
75,9042
70,9043
22,9044
74,9046
2,9047
35,9052
35,9054
35,9055
74,9056
80,9059
2,9060
22,9061
112,9063
2,9064
2,9065
2,9066
53,9067
117,9068
74,9070
2,9071
22,9072
25,9073
74,9075
74,9076
2,9077
35,9078
74,9079
2,9080
117,9082
80,9083
80,9084
80,9085
74,9087
73,9088
2,9089
2,9090
74,9091
73,9092
85,9093
74,9094
75,9095
24,9096
73,9098
102,9099
80,9100
80,9101
80,9102
80,9103
80,9104
80,9105
2,9106
73,9107
118,9108
53,9109
74,9110
102,9112
74,9113
22,9114
102,9115
102,9116
102,9117
70,9118
70,9119
80,9120
117,9121
2,9122
53,9125
80,9126
85,9128
80,9129
105,9130
74,9133
20,9135
70,9136
72,9137
70,9138
2,9139
74,9140
74,9141
74,9142
53,9143
65,9144
74,9145
75,9148
72,9149
75,9150
72,9151
117,9152
74,9153
2,9154
35,9155
105,9156
22,9157
105,9160
75,9161
2,9162
80,9163
80,9164
80,9165
80,9166
80,9167
70,9168
2,9170
2,9171
2,9173
2,9174
2,9175
2,9176
80,9177
70,9178
70,9179
70,9180
22,9181
22,9182
75,9183
53,9187
117,9188
75,9189
2,9190
22,9194
74,9195
57,9197
57,9198
74,9199
74,9200
74,9201
80,9203
74,9206
74,9207
2,9208
22,9209
2,9210
70,9211
80,9212
72,9217
53,9218
70,9219
70,9220
105,9221
70,9222
74,9223
22,9224
22,9225
72,9226
53,9227
74,9228
3,9229
57,9230
35,9231
2,9233
2,9234
53,9239
75,9242
117,9243
33,9245
2,9246
70,9247
2,9248
117,9249
117,9250
2,9251
35,9252
70,9253
2,9254
74,9256
2,9257
2,9258
2,9259
125,9260
74,9262
2,9265
102,9267
22,9268
33,9269
80,9270
74,9271
73,9272
74,9273
74,9274
2,9275
74,9276
117,9277
73,9280
73,9281
73,9282
33,9283
53,9284
117,9285
2,9286
74,9287
73,9288
2,9291
2,9292
2,9293
74,9294
74,9295
74,9297
105,9298
80,9299
74,9300
23,9301
75,9302
73,9303
53,9304
74,9305
80,9306
70,9307
70,9308
53,9309
105,9310
74,9311
105,9312
70,9313
53,9315
70,9316
70,9317
2,9321
2,9322
74,9324
74,9325
74,9326
105,9328
2,9329
2,9330
105,9331
62,9332
70,9333
74,9334
2,9335
125,9336
2,9337
72,9343
35,9344
74,9345
74,9348
80,9349
73,9357
73,9359
22,9361
22,9362
102,9363
102,9364
102,9365
102,9366
70,9367
74,9368
80,9369
2,9371
70,9372
35,9373
123,9375
3,9376
74,9377
119,9378
70,9379
73,9383
70,9384
2,9385
74,9387
2,9389
2,9390
2,9391
2,9392
70,9393
2,9394
80,9395
72,9396
74,9397
22,9399
22,9400
72,9402
22,9403
117,9404
117,9405
53,9406
75,9407
70,9410
75,9414
74,9415
74,9416
53,9419
116,9420
22,9421
22,9422
2,9423
2,9424
2,9425
2,9426
2,9427
22,9429
22,9430
74,9431
70,9432
22,9433
74,9435
74,9436
22,9437
22,9438
105,9439
105,9440
73,9441
53,9442
74,9443
70,9445
102,9446
35,9447
102,9450
105,9454
70,9455
74,9456
70,9457
73,9459
119,9460
125,9464
117,9466
117,9467
117,9468
117,9470
74,9472
75,9474
75,9475
102,9476
2,9479
2,9480
2,9482
2,9483
2,9484
2,9485
2,9486
2,9487
117,9488
74,9489
2,9490
74,9491
72,9492
80,9493
73,9494
2,9498
35,9499
57,9500
105,9501
75,9502
2,9503
80,9504
74,9505
117,9506
70,9507
22,9508
22,9509
70,9510
74,9511
74,9512
74,9513
74,9514
117,9515
2,9516
80,9517
74,9518
2,9519
2,9520
2,9521
57,9522
53,9523
56,9524
75,9525
74,9527
80,9530
117,9533
74,9534
74,9535
22,9536
35,9537
75,9539
75,9540
49,9541
74,9545
72,9546
2,9547
74,9548
74,9549
75,9550
74,9551
117,9552
73,9553
74,9554
74,9555
74,9556
75,9559
75,9560
75,9561
74,9562
74,9563
74,9564
2,9565
74,9566
102,9569
22,9570
80,9571
80,9572
22,9573
33,9574
80,9576
2,9578
22,9579
2,9580
2,9581
2,9583
73,9584
73,9585
70,9586
2,9587
2,9589
74,9590
74,9591
105,9594
117,9595
117,9596
48,9597
2,9599
74,9600
73,9601
74,9602
74,9603
80,9604
80,9605
80,9606
80,9607
74,9609
75,9610
57,9611
33,9612
33,9613
80,9614
70,9615
80,9616
53,9617
53,9618
53,9619
53,9620
53,9621
53,9622
73,9623
53,9625
117,9627
74,9628
102,9629
2,9631
74,9632
75,9634
2,9635
22,9636
72,9637
117,9638
80,9639
80,9640
22,9643
72,9644
72,9645
117,9646
22,9647
72,9648
74,9649
22,9650
2,9651
72,9652
117,9656
2,9657
74,9658
72,9663
74,9665
53,9666
117,9667
74,9669
102,9670
102,9671
73,9672
80,9673
53,9674
53,9675
53,9676
80,9677
75,9679
106,9680
73,9681
70,9682
7,9683
84,9684
84,9685
84,9686
2,9687
53,9688
70,9689
56,9690
70,9691
70,9692
2,9693
2,9694
70,9695
80,9697
2,9698
74,9700
2,9701
73,9702
80,9703
80,9704
72,9705
105,9706
80,9707
102,9708
25,9709
80,9710
70,9711
80,9713
74,9714
53,9715
10,9716
22,9717
80,9718
33,9720
73,9721
73,9722
73,9723
74,9724
74,9725
72,9726
2,9728
2,9729
74,9731
105,9732
74,9733
73,9734
117,9735
2,9736
74,9737
74,9738
2,9740
2,9741
74,9742
2,9743
117,9744
117,9745
2,9746
2,9747
2,9748
74,9749
2,9750
70,9751
74,9752
2,9753
2,9754
119,9755
53,9756
2,9757
73,9758
73,9759
73,9760
53,9761
74,9762
72,9763
80,9764
73,9767
2,9769
2,9770
22,9772
74,9773
73,9775
2,9776
2,9777
2,9778
117,9779
73,9780
117,9781
2,9782
2,9783
2,9784
35,9785
53,9787
74,9788
102,9789
22,9790
117,9792
117,9793
117,9794
117,9795
80,9797
22,9798
2,9799
2,9800
2,9801
2,9802
33,9803
72,9804
74,9805
73,9806
74,9807
80,9808
80,9809
73,9810
73,9811
2,9814
75,9815
125,9816
117,9819
117,9820
125,9821
125,9822
125,9823
73,9824
2,9825
2,9826
2,9827
125,9828
125,9829
119,9830
117,9831
2,9832
74,9833
117,9835
11,9837
74,9838
105,9839
74,9840
2,9841
2,9842
74,9843
73,9844
74,9846
35,9847
80,9848
2,9849
117,9850
2,9851
2,9852
88,9853
2,9854
74,9855
74,9857
74,9859
2,9860
74,9861
7,9862
72,9863
74,9864
74,9865
70,9867
2,9869
117,9871
2,9872
117,9873
2,9874
75,9876
74,9877
74,9878
7,9879
117,9880
74,9881
74,9882
74,9883
74,9884
2,9885
2,9886
117,9887
74,9888
117,9889
80,9891
105,9892
75,9893
74,9894
35,9897
102,9898
117,9899
74,9900
74,9901
74,9902
74,9903
75,9904
117,9906
2,9907
2,9908
125,9909
74,9910
2,9911
56,9912
75,9913
73,9915
74,9916
74,9917
74,9918
117,9919
74,9921
74,9922
117,9923
102,9924
2,9926
53,9927
22,9928
74,9929
74,9930
2,9931
2,9933
2,9934
74,9935
23,9936
22,9937
119,9938
22,9939
117,9940
105,9941
74,9943
74,9947
2,9948
119,9949
33,9950
53,9951
2,9953
117,9954
2,9955
2,9956
88,9957
2,9960
105,9961
22,9962
117,9964
117,9965
117,9966
117,9967
2,9968
2,9969
72,9970
75,9973
57,9974
75,9975
72,9977
53,9978
73,9979
59,9981
125,9982
102,9983
74,9984
74,9985
102,9986
46,9987
72,9988
74,9989
74,9990
74,9991
74,9992
35,9993
117,9994
117,9995
117,9996
117,9997
74,9998
57,10000
2,10001
119,10004
74,10005
75,10006
74,10007
74,10008
22,10009
75,10010
53,10011
75,10012
74,10014
74,10015
74,10017
2,10018
117,10019
22,10020
102,10021
74,10022
35,10023
22,10024
80,10026
22,10027
22,10028
2,10029
22,10030
53,10031
73,10032
73,10033
73,10034
72,10035
22,10036
105,10037
74,10038
2,10039
34,10040
74,10041
74,10047
74,10049
74,10050
74,10051
74,10052
80,10053
74,10054
74,10055
117,10059
117,10060
2,10061
2,10062
2,10063
74,10064
74,10065
80,10067
22,10068
33,10069
2,10070
2,10071
2,10072
2,10073
2,10074
2,10075
2,10076
70,10077
2,10078
2,10079
2,10080
117,10081
74,10082
74,10083
74,10084
72,10085
74,10086
117,10087
22,10089
22,10090
22,10091
74,10092
74,10093
74,10095
2,10097
2,10098
2,10099
73,10104
73,10105
73,10106
73,10107
117,10108
73,10109
73,10110
35,10111
80,10112
70,10113
70,10114
2,10115
35,10120
74,10121
80,10125
102,10126
102,10127
74,10128
72,10129
117,10130
74,10131
74,10132
75,10133
75,10134
107,10137
70,10138
2,10139
2,10140
73,10141
2,10142
74,10143
80,10144
35,10145
35,10146
72,10148
56,10149
22,10150
75,10151
75,10152
74,10153
74,10154
73,10155
53,10156
74,10157
72,10158
2,10159
73,10160
33,10161
75,10164
74,10165
72,10166
2,10167
53,10169
36,10170
3,10171
79,10173
74,10174
117,10177
117,10178
74,10179
117,10180
75,10181
22,10182
22,10183
117,10184
56,10186
56,10188
56,10189
56,10190
56,10192
75,10194
78,10196
56,10197
56,10198
56,10199
56,10200
56,10201
56,10202
57,10204
74,10206
74,10207
3,10208
74,10209
102,10212
75,10215
75,10216
75,10217
75,10218
22,10219
80,10220
73,10221
74,10223
56,10224
74,10226
74,10228
74,10229
102,10230
74,10231
75,10232
2,10235
74,10236
74,10237
74,10238
102,10240
102,10241
102,10242
74,10243
2,10244
2,10245
2,10246
53,10247
22,10251
2,10253
117,10254
2,10255
73,10256
2,10257
105,10258
80,10259
105,10260
72,10261
2,10262
80,10263
22,10264
22,10265
102,10267
102,10268
74,10269
72,10270
80,10271
72,10272
74,10273
74,10274
74,10275
74,10276
74,10277
74,10278
80,10279
72,10280
72,10281
73,10282
75,10283
56,10284
56,10285
56,10286
56,10287
56,10288
56,10289
56,10290
2,10291
105,10292
2,10293
2,10294
2,10295
2,10297
2,10298
33,10299
117,10300
117,10301
125,10302
125,10303
2,10305
72,10306
70,10307
70,10308
70,10309
70,10310
73,10311
117,10312
75,10313
75,10314
2,10315
2,